0 0 0 0.018480276640003353 0.0 -0.018219231907343154
20.0 0 0 0.02102323672535981 0.0 -0.021332350356154047
40.0 0 0 0.024087352261430155 0.0 -0.02528733101717326
60.0 0 0 0.027786843989255173 0.0 -0.030410545590687663
80.0 0 0 0.03223535303199743 0.0 -0.03718504251112342
100.0 0 0 0.03750331020347233 0.0 -0.046329815346447395
120.0 0 0 0.043513612223843715 0.0 -0.05890930785351626
140.0 0 0 0.0498062364167292 0.0 -0.07645936748439866
160.0 0 0 0.05504184683841005 0.0 -0.10105051879065562
180.0 0 0 0.05604494126722664 0.0 -0.13501860264464205
200.0 0 0 0.04625343123827438 0.0 -0.179631886065222
220.0 0 0 0.014216249571635392 0.0 -0.2311935763372078
240.0 0 0 -0.054437266804646646 0.0 -0.2731606698673545
260.0 0 0 -0.1636216784448372 0.0 -0.26883593663735705
280.0 0 0 -0.28050239291175444 0.0 -0.1758638151697086
300.0 0 0 -0.3335736374779908 0.0 0.0
320.0 0 0 -0.28050239291175444 0.0 0.1758638151697086
340.0 0 0 -0.1636216784448372 0.0 0.26883593663735705
360.0 0 0 -0.054437266804646646 0.0 0.2731606698673545
380.0 0 0 0.014216249571635392 0.0 0.2311935763372078
400.0 0 0 0.04625343123827438 0.0 0.179631886065222
420.0 0 0 0.05604494126722664 0.0 0.13501860264464205
440.0 0 0 0.05504184683841005 0.0 0.10105051879065562
460.0 0 0 0.0498062364167292 0.0 0.07645936748439866
480.0 0 0 0.043513612223843715 0.0 0.05890930785351626
500.0 0 0 0.03750331020347233 0.0 0.046329815346447395
520.0 0 0 0.03223535303199743 0.0 0.03718504251112342
540.0 0 0 0.027786843989255173 0.0 0.030410545590687663
560.0 0 0 0.024087352261430155 0.0 0.02528733101717326
580.0 0 0 0.02102323672535981 0.0 0.021332350356154047
600.0 0 0 0.018480276640003353 0.0 0.018219231907343154
620.0 0 0 0.01635864395023162 0.0 0.01572480165975005
640.0 0 0 0.014576161168112823 0.0 0.013694046942467833
660.0 0 0 0.013067054115687357 0.0 0.012017390220361973
680.0 0 0 0.011779328020579708 0.0 0.0106159388738586
700.0 0 0 0.0106720374106626 0.0 0.009431845243006227
720.0 0 0 0.009712899506872394 0.0 0.008421937461566872
740.0 0 0 0.00887635520193945 0.0 0.007553454442033057
760.0 0 0 0.008142048877232286 0.0 0.0068011468028463095
780.0 0 0 0.0074936574303101034 0.0 0.0061452749328957555
800.0 0 0 0.006917995257176987 0.0 0.005570204236740166
820.0 0 0 0.006404331446495798 0.0 0.005063403682818018
840.0 0 0 0.005943867969306829 0.0 0.004614720832561447
860.0 0 0 0.005529339314655923 0.0 0.004215849290337835
880.0 0 0 0.005154703656140767 0.0 0.0038599320761998753
900.0 0 0 0.00481490315202585 0.0 0.0035412624027071934
920.0 0 0 0.004505676675968782 0.0 0.00325505521736025
940.0 0 0 0.0042234125217410394 0.0 0.002997270828297238
960.0 0 0 0.0039650317681126455 0.0 0.002764477332032894
980.0 0 0 0.0037278953103707033 0.0 0.0025537422786660238
1000.0 0 0 0.0035097292793953763 0.0 0.002362546601659713
1020.0 0 0 0.003308564839781944 0.0 0.0021887156698394187
1040.0 0 0 0.0031226893042423107 0.0 0.0020303636281415287
1060.0 0 0 0.0029506062092211727 0.0 0.00188584814047501
1080.0 0 0 0.0027910025293391527 0.0 0.001753733340521247
1100.0 0 0 0.002642721611679146 0.0 0.0016327593079559718
1120.0 0 0 0.0025047407183469567 0.0 0.0015218167692914678
1140.0 0 0 0.0023761523014634686 0.0 0.0014199260098791975
1160.0 0 0 0.0022561483166069324 0.0 0.0013262192017407632
1180.0 0 0 0.0021440070218636605 0.0 0.001239925518790415
1200.0 0 0 0.0020390818198105396 0.0 0.001160358539656713
1220.0 0 0 0.0019407917862154774 0.0 0.0010869055381648985
1240.0 0 0 0.0018486135974603722 0.0 0.001019018339560653
1260.0 0 0 0.0017620746227872462 0.0 0.0009562054818970194
1280.0 0 0 0.0016807469905725614 0.0 0.0008980254705222314
1300.0 0 0 0.0016042424723397514 0.0 0.0008440809521971626
1320.0 0 0 0.0015322080559633355 0.0 0.0007940136662348397
1340.0 0 0 0.0014643221019195014 0.0 0.0007475000548675705
1360.0 0 0 0.001400290994600055 0.0 0.0007042474350964915
1380.0 0 0 0.0013398462154893698 0.0 0.000663990650557117
1400.0 0 0 0.0012827417770818726 0.0 0.0006264891352139387
1420.0 0 0 0.0012287519663219068 0.0 0.0005915243315791056
1440.0 0 0 0.0011776693544985912 0.0 0.0005588974151067265
1460.0 0 0 0.0011293030372593843 0.0 0.0005284272838174226
1480.0 0 0 0.0010834770739834854 0.0 0.0004999487783520798
1500.0 0 0 0.0010400291003930162 0.0 0.00047331110277360866
1520.0 0 0 0.0009988090921472246 0.0 0.00044837642071822513
1540.0 0 0 0.0009596782604006811 0.0 0.00042501860509351077
1560.0 0 0 0.000922508063022153 0.0 0.00040312212255038705
1580.0 0 0 0.0008871793174571119 0.0 0.00038258103651804895
1600.0 0 0 0.0008535814031473339 0.0 0.0003632981147643972
1620.0 0 0 0.0008216115430559728 0.0 0.0003451840292944196
1640.0 0 0 0.0007911741552351091 0.0 0.00032815663797836433
1660.0 0 0 0.0007621802665556014 0.0 0.000312140338654024
1680.0 0 0 0.0007345469817293682 0.0 0.00029706548760890736
1700.0 0 0 0.000708197001619637 0.0 0.0002828678753482714
1720.0 0 0 0.0006830581855779351 0.0 0.00026948825341856534
1740.0 0 0 0.0006590631531866568 0.0 0.00025687190680335754
1760.0 0 0 0.0006361489213386536 0.0 0.00024496826705744737
1780.0 0 0 0.0006142565730636777 0.0 0.0002337305619089897
1800.0 0 0 0.0005933309549266052 0.0 0.00022311549755118663
1820.0 0 0 0.0005733204001834968 0.0 0.00021308297027463501
1840.0 0 0 0.000554176475196436 0.0 0.00020359580446738308
1860.0 0 0 0.0005358537468833245 0.0 0.0001946195143394828
1880.0 0 0 0.0005183095692199105 0.0 0.0001861220870185341
1900.0 0 0 0.0005015038870230161 0.0 0.0001780737849177333
1920.0 0 0 0.00048539905543018607 0.0 0.00017044696550279234
1940.0 0 0 0.00046995967365519466 0.0 0.0001632159167826811
1960.0 0 0 0.0004551524317439392 0.0 0.0001563567070248108
1980.0 0 0 0.00044094596918369525 0.0 0.00014984704735090582
