0 0 0 0.007864527925341105 0.0 -0.002001307950493069
20.0 0 0 0.00865200739579418 0.0 -0.0022989296929469562
40.0 0 0 0.009551934224410932 0.0 -0.002655814326083273
60.0 0 0 0.010585233474234094 0.0 -0.003086919985111278
80.0 0 0 0.011777572077887868 0.0 -0.0036118091621592375
100.0 0 0 0.013160585133453898 0.0 -0.004256327621550278
120.0 0 0 0.014773431585265898 0.0 -0.005054991395672798
140.0 0 0 0.016664749302618374 0.0 -0.006054419662815404
160.0 0 0 0.01889506650223272 0.0 -0.007318329126695267
180.0 0 0 0.021539670489724556 0.0 -0.008934883043215738
200.0 0 0 0.024691779537719824 0.0 -0.011027620907868303
220.0 0 0 0.02846548779273269 0.0 -0.013771863649360462
240.0 0 0 0.03299709563361977 0.0 -0.01741949597547821
260.0 0 0 0.03844154322188191 0.0 -0.02233645237624167
280.0 0 0 0.04495656261841625 0.0 -0.029058956213420063
300.0 0 0 0.052658449771333174 0.0 -0.038375667822071725
320.0 0 0 0.06151536986126625 0.0 -0.051439877996928646
340.0 0 0 0.07110900638886428 0.0 -0.06989757274672094
360.0 0 0 0.08013516974274232 0.0 -0.09595194078004295
380.0 0 0 0.08544497081404127 0.0 -0.1320944968310209
400.0 0 0 0.08049492473778187 0.0 -0.1797730355380643
420.0 0 0 0.0538489936598011 0.0 -0.2354981542871057
440.0 0 0 -0.008843440618338156 0.0 -0.2829744367461645
460.0 0 0 -0.11146202007799066 0.0 -0.2858208695046467
480.0 0 0 -0.2211202835910822 0.0 -0.202121039470707
500.0 0 0 -0.266269310197166 0.0 -0.03828252102035688
520.0 0 0 -0.20463424100058117 0.0 0.12180922485506673
540.0 0 0 -0.07894063814180163 0.0 0.19377605373449397
560.0 0 0 0.038074123213981875 0.0 0.16979589854650046
580.0 0 0 0.11053184689304672 0.0 0.08982994157215683
600.0 0 0 0.13592302541880058 0.0 -0.010822576785764659
620.0 0 0 0.11729789799054406 0.0 -0.11212483668026971
640.0 0 0 0.05185528911217496 0.0 -0.19411654963216518
660.0 0 0 -0.0576484894512229 0.0 -0.2217407719659231
680.0 0 0 -0.1751036236471802 0.0 -0.15548421423201683
700.0 0 0 -0.22759738841568355 0.0 -0.0038936454276937405
720.0 0 0 -0.17238899327034413 0.0 0.14754644251488352
740.0 0 0 -0.05213416055430039 0.0 0.21333953605282252
760.0 0 0 0.060343762285657604 0.0 0.18490124305188588
780.0 0 0 0.12903301363053246 0.0 0.10167667605209779
800.0 0 0 0.1512883438809814 0.0 -0.0013851857541710242
820.0 0 0 0.1300388383319049 0.0 -0.1044869917122977
840.0 0 0 0.06238102191207273 0.0 -0.1878337216928919
860.0 0 0 -0.04901304394618382 0.0 -0.21648361170027108
880.0 0 0 -0.16810230759327738 0.0 -0.15100435106615248
900.0 0 0 -0.22203022455133867 0.0 4.336808689942018e-19
920.0 0 0 -0.16810230759327738 0.0 0.15100435106615248
940.0 0 0 -0.04901304394618381 0.0 0.21648361170027108
960.0 0 0 0.06238102191207274 0.0 0.18783372169289192
980.0 0 0 0.13003883833190494 0.0 0.1044869917122977
1000.0 0 0 0.1512883438809814 0.0 0.0013851857541710023
1020.0 0 0 0.1290330136305325 0.0 -0.1016766760520978
1040.0 0 0 0.0603437622856576 0.0 -0.1849012430518859
1060.0 0 0 -0.052134160554300396 0.0 -0.21333953605282255
1080.0 0 0 -0.17238899327034413 0.0 -0.1475464425148835
1100.0 0 0 -0.22759738841568355 0.0 0.0038936454276937427
1120.0 0 0 -0.17510362364718024 0.0 0.15548421423201686
1140.0 0 0 -0.0576484894512229 0.0 0.22174077196592307
1160.0 0 0 0.051855289112174956 0.0 0.19411654963216518
1180.0 0 0 0.11729789799054405 0.0 0.11212483668026972
1200.0 0 0 0.13592302541880058 0.0 0.010822576785764648
1220.0 0 0 0.11053184689304671 0.0 -0.08982994157215682
1240.0 0 0 0.038074123213981875 0.0 -0.16979589854650046
1260.0 0 0 -0.07894063814180162 0.0 -0.19377605373449397
1280.0 0 0 -0.20463424100058117 0.0 -0.12180922485506676
1300.0 0 0 -0.266269310197166 0.0 0.03828252102035688
1320.0 0 0 -0.2211202835910822 0.0 0.202121039470707
1340.0 0 0 -0.11146202007799066 0.0 0.28582086950464675
1360.0 0 0 -0.008843440618338153 0.0 0.2829744367461645
1380.0 0 0 0.0538489936598011 0.0 0.2354981542871057
1400.0 0 0 0.08049492473778186 0.0 0.1797730355380643
1420.0 0 0 0.08544497081404126 0.0 0.13209449683102092
1440.0 0 0 0.08013516974274232 0.0 0.09595194078004295
1460.0 0 0 0.07110900638886428 0.0 0.06989757274672094
1480.0 0 0 0.06151536986126626 0.0 0.051439877996928646
1500.0 0 0 0.052658449771333174 0.0 0.038375667822071725
1520.0 0 0 0.04495656261841625 0.0 0.029058956213420067
1540.0 0 0 0.03844154322188192 0.0 0.02233645237624167
1560.0 0 0 0.03299709563361977 0.0 0.01741949597547821
1580.0 0 0 0.02846548779273269 0.0 0.013771863649360463
1600.0 0 0 0.024691779537719824 0.0 0.011027620907868303
1620.0 0 0 0.021539670489724556 0.0 0.008934883043215738
1640.0 0 0 0.01889506650223272 0.0 0.007318329126695267
1660.0 0 0 0.016664749302618374 0.0 0.006054419662815404
1680.0 0 0 0.014773431585265898 0.0 0.005054991395672798
1700.0 0 0 0.0131605851334539 0.0 0.004256327621550277
1720.0 0 0 0.011777572077887868 0.0 0.003611809162159238
1740.0 0 0 0.010585233474234094 0.0 0.0030869199851112777
1760.0 0 0 0.009551934224410934 0.0 0.0026558143260832735
1780.0 0 0 0.00865200739579418 0.0 0.002298929692946956
1800.0 0 0 0.007864527925341105 0.0 0.002001307950493069
1820.0 0 0 0.0071723498000406515 0.0 0.001751401107257145
1840.0 0 0 0.0065613505996761435 0.0 0.0015402125813870253
1860.0 0 0 0.0060198378912171245 0.0 0.00136067320368367
1880.0 0 0 0.005538081504588699 0.0 0.0012071832190883786
1900.0 0 0 0.005107943655896877 0.0 0.0010752728877437855
1920.0 0 0 0.004722585227493337 0.0 0.0009613486626195576
1940.0 0 0 0.004376231474562879 0.0 0.0008625017043897265
1960.0 0 0 0.004063984260097988 0.0 0.0007763622198186568
1980.0 0 0 0.003781670862104368 0.0 0.0007009877787617158
