0 0 0 0.0002458185974573097 0.0 -0.00017210034492512937
20.0 0 0 0.00025191225528843305 0.0 -0.0001790228724418503
40.0 0 0 0.00025816358935140167 0.0 -0.0001862773663552122
60.0 0 0 0.00026457443090959864 0.0 -0.000193881675240218
80.0 0 0 0.00027114627180270106 0.0 -0.00020185465151387633
100.0 0 0 0.0002778802065128721 0.0 -0.0002102162033828899
120.0 0 0 0.0002847768671173014 0.0 -0.00021898734816799408
140.0 0 0 0.00029183635035041216 0.0 -0.00022819026675757422
160.0 0 0 0.0002990581359246271 0.0 -0.000237848358872133
180.0 0 0 0.000306440995179175 0.0 -0.00024798629873707317
200.0 0 0 0.00031398288904223217 0.0 -0.00025863009066208616
220.0 0 0 0.0003216808542031457 0.0 -0.00026980712390891227
240.0 0 0 0.00032953087629920656 0.0 -0.0002815462260927928
260.0 0 0 0.00033752774882644867 0.0 -0.0002938777142037232
280.0 0 0 0.0003456649163875346 0.0 -0.00030683344214842514
300.0 0 0 0.00035393430079386543 0.0 -0.00032044684349930236
320.0 0 0 0.00036232610844602365 0.0 -0.0003347529678886665
340.0 0 0 0.0003708286173297536 0.0 -0.0003497885092010807
360.0 0 0 0.0003794279418879784 0.0 -0.0003655918233893172
380.0 0 0 0.0003881077739680508 0.0 -0.0003822029333655095
400.0 0 0 0.00039684909800402743 0.0 -0.000399663517993799
420.0 0 0 0.00040562987858429637 0.0 -0.0004180168817293293
440.0 0 0 0.0004144247185852478 0.0 -0.0004373079009062149
460.0 0 0 0.00042320448613391974 0.0 -0.00045758294206996365
480.0 0 0 0.00043193590881113533 0.0 -0.00047888974707438914
500.0 0 0 0.00044058113373894445 0.0 -0.0005012772789172394
520.0 0 0 0.0004490972525327065 0.0 -0.0005247955214723836
540.0 0 0 0.0004574357905629684 0.0 -0.0005494952253918553
560.0 0 0 0.0004655421605933121 0.0 -0.0005754275915043789
580.0 0 0 0.00047335508166954267 0.0 -0.000602643882039022
600.0 0 0 0.00048080596516911667 0.0 -0.0006311949489703843
620.0 0 0 0.0004878182712176923 0.0 -0.0006611306677402487
640.0 0 0 0.0004943068402859188 0.0 -0.0006924992635949561
660.0 0 0 0.0005001772067405648 0.0 -0.0007253465168352908
680.0 0 0 0.0005053249034876021 0.0 -0.0007597148324687596
700.0 0 0 0.0005096347696578333 0.0 -0.0007956421591630567
720.0 0 0 0.0005129802765908875 0.0 -0.0008331607421252545
740.0 0 0 0.0005152228912052258 0.0 -0.0008722956946986163
760.0 0 0 0.000516211500220193 0.0 -0.0009130633742288769
780.0 0 0 0.0005157819236191213 0.0 -0.000955469549283395
800.0 0 0 0.0005137565511765969 0.0 -0.000999507347817187
820.0 0 0 0.0005099441417416315 0.0 -0.0010451549796037182
840.0 0 0 0.000504139831138357 0.0 -0.001092373231441773
860.0 0 0 0.0004961254008114917 0.0 -0.0011411027405823647
880.0 0 0 0.00048566986541095307 0.0 -0.0011912610607599597
900.0 0 0 0.0004725304429791789 0.0 -0.0012427395464066602
920.0 0 0 0.00045645397575638704 0.0 -0.0012954000942708831
940.0 0 0 0.00043717887220334057 0.0 -0.001349071797857572
960.0 0 0 0.00041443764087568653 0.0 -0.0014035475888197072
980.0 0 0 0.00038796008336354243 0.0 -0.0014585809604279703
1000.0 0 0 0.0003574772056352289 0.0 -0.001513882891031027
1020.0 0 0 0.00032272589375242813 0.0 -0.001569119109165688
1040.0 0 0 0.00028345438005150675 0.0 -0.0016239078654614238
1060.0 0 0 0.00023942849866112744 0.0 -0.0016778183980400633
1080.0 0 0 0.00019043869410182357 0.0 -0.0017303702956076726
1100.0 0 0 0.00013630770362686978 0.0 -0.0017810339733042465
1120.0 0 0 7.68987835433439e-05 0.0 -0.0018292324777084874
1140.0 0 0 1.2124293522042712e-05 0.0 -0.0018743448261187403
1160.0 0 0 -5.8045606535982034e-05 0.0 -0.0019157110583939883
1180.0 0 0 -0.00013357445137691527 0.0 -0.0019526391347887016
1200.0 0 0 -0.0002143515146544192 0.0 -0.0019844137488737286
1220.0 0 0 -0.0003001848020663129 0.0 -0.0020103070408236654
1240.0 0 0 -0.00039079541667959663 0.0 -0.0020295910951045673
1260.0 0 0 -0.00048581371901399215 0.0 -0.002041551992375076
1280.0 0 0 -0.0005847776735141092 0.0 -0.0020455050652983344
1300.0 0 0 -0.0006871337081600938 0.0 -0.002040810891507784
1320.0 0 0 -0.000792240314345054 0.0 -0.002026891455633781
1340.0 0 0 -0.0008993744828187508 0.0 -0.0020032458383800428
1360.0 0 0 -0.0010077409158582458 0.0 -0.0019694647557829017
1380.0 0 0 -0.0011164837875843358 0.0 -0.0019252432851848936
1400.0 0 0 -0.0012247006587220379 0.0 -0.0018703911810198956
1420.0 0 0 -0.0013314580062746084 0.0 -0.0018048403023571782
1440.0 0 0 -0.001435807719432121 0.0 -0.0017286488377816875
1460.0 0 0 -0.0015368038545956774 0.0 -0.001642002207648402
1480.0 0 0 -0.0016335189433595199 0.0 -0.0015452107299837726
1500.0 0 0 -0.0017250592091686352 0.0 -0.0014387043325738871
1520.0 0 0 -0.0018105781647471907 0.0 -0.0013230247587992685
1540.0 0 0 -0.0018892882195748245 0.0 -0.001198815831052027
1560.0 0 0 -0.0019604701056926887 0.0 -0.0010668123921754864
1580.0 0 0 -0.0020234801097112802 0.0 -0.0009278285395897853
1600.0 0 0 -0.002077755258995488 0.0 -0.0007827457042280038
1620.0 0 0 -0.002122816734784231 0.0 -0.0006325010196047464
1640.0 0 0 -0.0021582718649099547 0.0 -0.00047807629200925
1660.0 0 0 -0.0021838150811587867 0.0 -0.000320487738768894
1680.0 0 0 -0.002199228214556849 0.0 -0.00016077652375437663
1700.0 0 0 -0.00220438045354684 0.0 0.0
1720.0 0 0 -0.002199228214556849 0.0 0.00016077652375437663
1740.0 0 0 -0.002183815081158787 0.0 0.000320487738768894
1760.0 0 0 -0.0021582718649099547 0.0 0.00047807629200925
1780.0 0 0 -0.0021228167347842313 0.0 0.0006325010196047464
1800.0 0 0 -0.002077755258995488 0.0 0.0007827457042280037
1820.0 0 0 -0.0020234801097112802 0.0 0.0009278285395897853
1840.0 0 0 -0.0019604701056926887 0.0 0.0010668123921754864
1860.0 0 0 -0.0018892882195748247 0.0 0.001198815831052027
1880.0 0 0 -0.0018105781647471907 0.0 0.0013230247587992685
1900.0 0 0 -0.0017250592091686352 0.0 0.0014387043325738871
1920.0 0 0 -0.0016335189433595199 0.0 0.0015452107299837724
1940.0 0 0 -0.0015368038545956774 0.0 0.001642002207648402
1960.0 0 0 -0.001435807719432121 0.0 0.0017286488377816875
1980.0 0 0 -0.0013314580062746082 0.0 0.0018048403023571782
