0 0 0 0.003970284533739445 0.0 -0.004273010206011366
20.0 0 0 0.004104560639353964 0.0 -0.0045397709069662584
40.0 0 0 0.004242005417661471 0.0 -0.0048267192537040215
60.0 0 0 0.0043822451112499345 0.0 -0.005135643052448072
80.0 0 0 0.004524776266733103 0.0 -0.005468504629901375
100.0 0 0 0.004668933594315058 0.0 -0.00582745611439963
120.0 0 0 0.004813849981586257 0.0 -0.006214854402711665
140.0 0 0 0.004958406758558085 0.0 -0.006633274808005277
160.0 0 0 0.005101171895538298 0.0 -0.0070855218488090526
180.0 0 0 0.00524032335019466 0.0 -0.007574634872468999
200.0 0 0 0.005373554291568914 0.0 -0.008103885122892899
220.0 0 0 0.005497956474252174 0.0 -0.008676759349326537
240.0 0 0 0.005609877724230519 0.0 -0.009296922972089335
260.0 0 0 0.005704749520314324 0.0 -0.009968153012902428
280.0 0 0 0.0057768813297850285 0.0 -0.010694227299290322
300.0 0 0 0.005819220189127985 0.0 -0.011478751743579166
320.0 0 0 0.005823077776115475 0.0 -0.012324901786584571
340.0 0 0 0.005777833998743634 0.0 -0.013235047685693403
360.0 0 0 0.005670637407630113 0.0 -0.01421022708209468
380.0 0 0 0.005486140314558212 0.0 -0.015249424050483492
400.0 0 0 0.005206332177211053 0.0 -0.01634861502679279
420.0 0 0 0.004810569645680562 0.0 -0.017499554271342307
440.0 0 0 0.0042759444400563215 0.0 -0.018688303254197645
460.0 0 0 0.003578174849286657 0.0 -0.019893570453954203
480.0 0 0 0.0026932384596931973 0.0 -0.021085031825578155
500.0 0 0 0.0015999555816734506 0.0 -0.022221953573780977
520.0 0 0 0.0002836435134404501 0.0 -0.023252627510260276
540.0 0 0 -0.001259257905324438 0.0 -0.024115312276243233
560.0 0 0 -0.0030160747028231435 0.0 -0.024741459370990173
580.0 0 0 -0.004953318078412215 0.0 -0.025061849071945332
600.0 0 0 -0.007014197689274991 0.0 -0.025015712690140714
620.0 0 0 -0.00912007456230362 0.0 -0.024561903951418777
640.0 0 0 -0.011177342457889851 0.0 -0.023689864330760244
660.0 0 0 -0.01308994713509867 0.0 -0.02242700395728896
680.0 0 0 -0.014775659543422847 0.0 -0.02083894534504813
700.0 0 0 -0.016182025780423024 0.0 -0.019020481006756514
720.0 0 0 -0.0172967882853798 0.0 -0.017078033288805198
740.0 0 0 -0.018148497429711863 0.0 -0.01510785305477891
760.0 0 0 -0.01879606398791716 0.0 -0.013176506862450954
780.0 0 0 -0.019309999667358572 0.0 -0.011310049182720336
800.0 0 0 -0.0197512846076381 0.0 -0.009495501809232074
820.0 0 0 -0.020154788280486433 0.0 -0.0076939855240577455
840.0 0 0 -0.02052259578910777 0.0 -0.005860784771754706
860.0 0 0 -0.020829111264332702 0.0 -0.003965253371261173
880.0 0 0 -0.02103565607585111 0.0 -0.0020035767605768675
900.0 0 0 -0.021108853854283155 0.0 0.0
920.0 0 0 -0.021035656075851113 0.0 0.002003576760576867
940.0 0 0 -0.020829111264332706 0.0 0.003965253371261173
960.0 0 0 -0.02052259578910777 0.0 0.005860784771754706
980.0 0 0 -0.02015478828048643 0.0 0.007693985524057745
1000.0 0 0 -0.0197512846076381 0.0 0.009495501809232074
1020.0 0 0 -0.019309999667358572 0.0 0.011310049182720334
1040.0 0 0 -0.018796063987917156 0.0 0.013176506862450954
1060.0 0 0 -0.018148497429711863 0.0 0.015107853054778908
1080.0 0 0 -0.0172967882853798 0.0 0.017078033288805198
1100.0 0 0 -0.016182025780423027 0.0 0.01902048100675651
1120.0 0 0 -0.014775659543422847 0.0 0.020838945345048127
1140.0 0 0 -0.01308994713509867 0.0 0.02242700395728896
1160.0 0 0 -0.011177342457889851 0.0 0.023689864330760244
1180.0 0 0 -0.00912007456230362 0.0 0.024561903951418777
1200.0 0 0 -0.007014197689274991 0.0 0.025015712690140714
1220.0 0 0 -0.004953318078412215 0.0 0.025061849071945332
1240.0 0 0 -0.0030160747028231435 0.0 0.024741459370990166
1260.0 0 0 -0.001259257905324438 0.0 0.024115312276243233
1280.0 0 0 0.0002836435134404503 0.0 0.023252627510260273
1300.0 0 0 0.0015999555816734504 0.0 0.022221953573780977
1320.0 0 0 0.0026932384596931977 0.0 0.021085031825578155
1340.0 0 0 0.0035781748492866574 0.0 0.019893570453954203
1360.0 0 0 0.004275944440056321 0.0 0.018688303254197645
1380.0 0 0 0.004810569645680562 0.0 0.017499554271342307
1400.0 0 0 0.005206332177211053 0.0 0.01634861502679279
1420.0 0 0 0.005486140314558212 0.0 0.015249424050483488
1440.0 0 0 0.005670637407630113 0.0 0.014210227082094682
1460.0 0 0 0.005777833998743635 0.0 0.013235047685693403
1480.0 0 0 0.005823077776115475 0.0 0.012324901786584573
1500.0 0 0 0.005819220189127985 0.0 0.011478751743579166
1520.0 0 0 0.0057768813297850285 0.0 0.010694227299290322
1540.0 0 0 0.005704749520314323 0.0 0.009968153012902426
1560.0 0 0 0.005609877724230519 0.0 0.009296922972089332
1580.0 0 0 0.005497956474252174 0.0 0.008676759349326539
1600.0 0 0 0.005373554291568914 0.0 0.008103885122892897
1620.0 0 0 0.005240323350194659 0.0 0.007574634872468999
1640.0 0 0 0.005101171895538298 0.0 0.0070855218488090526
1660.0 0 0 0.004958406758558085 0.0 0.006633274808005277
1680.0 0 0 0.004813849981586257 0.0 0.006214854402711666
1700.0 0 0 0.004668933594315059 0.0 0.00582745611439963
1720.0 0 0 0.004524776266733102 0.0 0.005468504629901375
1740.0 0 0 0.0043822451112499345 0.0 0.005135643052448072
1760.0 0 0 0.004242005417661471 0.0 0.0048267192537040215
1780.0 0 0 0.004104560639353964 0.0 0.0045397709069662584
1800.0 0 0 0.003970284533739445 0.0 0.004273010206011366
1820.0 0 0 0.003839447003235902 0.0 0.004024808903788347
1840.0 0 0 0.0037122348845489653 0.0 0.00379368405222047
1860.0 0 0 0.003588768688382246 0.0 0.003578284653931364
1880.0 0 0 0.0034691160920117658 0.0 0.00337737932376231
1900.0 0 0 0.003353302826149692 0.0 0.0031898449847508124
1920.0 0 0 0.003241321468432091 0.0 0.0030146565772854223
1940.0 0 0 0.00313313855275242 0.0 0.002850877732678234
1960.0 0 0 0.003028700321489493 0.0 0.002697652347307634
1980.0 0 0 0.0029279373822727528 0.0 0.002554196986561517
