0 0 0 -0.000710944107545441 0.0 -0.0028698985288370823
20.0 0 0 -0.000821513864532977 0.0 -0.0028499952819608966
40.0 0 0 -0.000931667888293764 0.0 -0.0028210220692234606
60.0 0 0 -0.0010406784537841858 0.0 -0.0027831049482307667
80.0 0 0 -0.0011478490779485667 0.0 -0.0027364717907437325
100.0 0 0 -0.0012525287661894564 0.0 -0.0026814438789805476
120.0 0 0 -0.0013541241889908034 0.0 -0.0026184248530701517
140.0 0 0 -0.0014521093473714838 0.0 -0.002547887628909599
160.0 0 0 -0.0015460324648170023 0.0 -0.002470359980995194
180.0 0 0 -0.0016355200263477377 0.0 -0.0023864095000177554
200.0 0 0 -0.001720278053360259 0.0 -0.0022966285952590306
220.0 0 0 -0.0018000908410318026 0.0 -0.002201620128770435
240.0 0 0 -0.001874817484858448 0.0 -0.002101984157470674
260.0 0 0 -0.001944386582497659 0.0 -0.0019983061368089574
280.0 0 0 -0.0020087895204550254 0.0 -0.0018911468193620494
300.0 0 0 -0.00206807274991997 0.0 -0.0017810339733042465
320.0 0 0 -0.0021223294310135053 0.0 -0.001668455953954111
340.0 0 0 -0.0021716907876367444 0.0 -0.0015538570873498462
360.0 0 0 -0.0022163174714459367 0.0 -0.0014376347663847381
380.0 0 0 -0.0022563911861611463 0.0 -0.0013201381151839553
400.0 0 0 -0.0022921067736499075 0.0 -0.001201668044645725
420.0 0 0 -0.002323664911777593 0.0 -0.0010824785012338801
440.0 0 0 -0.0023512655223722856 0.0 -0.0009627787029290807
460.0 0 0 -0.0023751019385888166 0.0 -0.0008427361613230492
480.0 0 0 -0.0023953558382613 0.0 -0.000722480306499066
500.0 0 0 -0.002412192917328729 0.0 -0.000602106558933897
520.0 0 0 -0.0024257592577045742 0.0 -0.0004816807256500087
540.0 0 0 -0.002436178337414428 0.0 -0.0003612436307316409
560.0 0 0 -0.002443548635290367 0.0 -0.00024081591800121413
580.0 0 0 -0.0024479417938589438 0.0 -0.0001204029828277154
600.0 0 0 -0.0024494013174440757 0.0 0.0
620.0 0 0 -0.0024479417938589438 0.0 0.0001204029828277153
640.0 0 0 -0.002443548635290367 0.0 0.00024081591800121423
660.0 0 0 -0.002436178337414428 0.0 0.0003612436307316412
680.0 0 0 -0.002425759257704574 0.0 0.00048168072565000835
700.0 0 0 -0.0024121929173287287 0.0 0.0006021065589338968
720.0 0 0 -0.0023953558382613 0.0 0.0007224803064990657
740.0 0 0 -0.002375101938588817 0.0 0.0008427361613230491
760.0 0 0 -0.002351265522372285 0.0 0.000962778702929081
780.0 0 0 -0.002323664911777593 0.0 0.0010824785012338801
800.0 0 0 -0.0022921067736499075 0.0 0.001201668044645725
820.0 0 0 -0.0022563911861611463 0.0 0.0013201381151839553
840.0 0 0 -0.0022163174714459367 0.0 0.001437634766384738
860.0 0 0 -0.002171690787636744 0.0 0.0015538570873498466
880.0 0 0 -0.002122329431013505 0.0 0.0016684559539541116
900.0 0 0 -0.0020680727499199705 0.0 0.0017810339733042467
920.0 0 0 -0.0020087895204550254 0.0 0.001891146819362049
940.0 0 0 -0.0019443865824976597 0.0 0.0019983061368089574
960.0 0 0 -0.001874817484858448 0.0 0.002101984157470674
980.0 0 0 -0.0018000908410318029 0.0 0.002201620128770435
1000.0 0 0 -0.001720278053360259 0.0 0.0022966285952590306
1020.0 0 0 -0.001635520026347738 0.0 0.002386409500017756
1040.0 0 0 -0.001546032464817002 0.0 0.0024703599809951936
1060.0 0 0 -0.001452109347371484 0.0 0.0025478876289095993
1080.0 0 0 -0.0013541241889908036 0.0 0.002618424853070152
1100.0 0 0 -0.0012525287661894562 0.0 0.002681443878980547
1120.0 0 0 -0.0011478490779485667 0.0 0.002736471790743732
1140.0 0 0 -0.0010406784537841858 0.0 0.0027831049482307667
1160.0 0 0 -0.0009316678882937639 0.0 0.0028210220692234606
1180.0 0 0 -0.0008215138645329767 0.0 0.002849995281960896
1200.0 0 0 -0.000710944107545441 0.0 0.0028698985288370823
1220.0 0 0 -0.0006007018639652144 0.0 0.0028807128344682884
1240.0 0 0 -0.0004915294156380527 0.0 0.0028825281300117788
1260.0 0 0 -0.0003841515916135249 0.0 0.002875541533078659
1280.0 0 0 -0.0002792600377541665 0.0 0.0028600521977590354
1300.0 0 0 -0.0001774989385022605 0.0 0.002836453050670841
1320.0 0 0 -7.945277002650711e-05 0.0 0.002805219897767094
1340.0 0 0 1.4363487726572655e-05 0.0 0.002766898509210367
1360.0 0 0 0.00010351142360632209 0.0 0.002722090358699523
1380.0 0 0 0.0001876334691513794 0.0 0.0026714377085639146
1400.0 0 0 0.00026645445051469744 0.0 0.002615608697844113
1420.0 0 0 0.00033978063029262737 0.0 0.0025552830168277234
1440.0 0 0 0.0004074965540573301 0.0 0.002491138649898367
1460.0 0 0 0.00046956008408501103 0.0 0.0024238400515105957
1480.0 0 0 0.0005259960360760503 0.0 0.0023540279991808716
1500.0 0 0 0.0005768888373658143 0.0 0.002282311252221486
1520.0 0 0 0.0006223746029129588 0.0 0.0022092600426820617
1540.0 0 0 0.0006626329847950472 0.0 0.0021354013401100273
1560.0 0 0 0.0006978790986367545 0.0 0.0020612157663676385
1580.0 0 0 0.0007283557723367245 0.0 0.0019871359908950176
1600.0 0 0 0.0007543263036392562 0.0 0.001913546409024826
1620.0 0 0 0.0007760678573315933 0.0 0.00184078389379348
1640.0 0 0 0.0007938655827636651 0.0 0.0017691394122090244
1660.0 0 0 0.0008080074895330943 0.0 0.0016988603070586528
1680.0 0 0 0.0008187800842024106 0.0 0.0016301530621595497
1700.0 0 0 0.0008264647437730443 0.0 0.0015631863899059624
1720.0 0 0 0.0008313347817984876 0.0 0.0014980945029083848
1740.0 0 0 0.0008336531496379402 0.0 0.001434980454786088
1760.0 0 0 0.0008336707074375636 0.0 0.001373919457534566
1780.0 0 0 0.0008316249959447772 0.0 0.0013149621035126301
1800.0 0 0 0.000827739440218829 0.0 0.001258137438479273
1820.0 0 0 0.0008222229187982963 0.0 0.001203455848020468
1840.0 0 0 0.0008152696361448202 0.0 0.00115091173310101
1860.0 0 0 0.0008070592415556381 0.0 0.0011004859614561903
1880.0 0 0 0.0007977571437081889 0.0 0.0010521480902932485
1900.0 0 0 0.0007875149761707054 0.0 0.0010058583625459467
1920.0 0 0 0.0007764711752903031 0.0 0.000961569483982636
1940.0 0 0 0.0007647516376501635 0.0 0.0009192281920755088
1960.0 0 0 0.0007524704296373204 0.0 0.0008787766299501683
1980.0 0 0 0.0007397305265061253 0.0 0.0008401535401820991
