0 0 0 0.0005152608767799441 0.0 -0.0009019299851626989
20.0 0 0 0.000516289407045316 0.0 -0.0009400429064699321
40.0 0 0 0.0005161827143291336 0.0 -0.000979618553588712
60.0 0 0 0.0005148066644978355 0.0 -0.001020668658962549
80.0 0 0 0.0005120162276527031 0.0 -0.0010631967374608088
100.0 0 0 0.0005076550555420094 0.0 -0.0011071965850482843
120.0 0 0 0.000501555137863696 0.0 -0.0011526506024810601
140.0 0 0 0.0004935365637073228 0.0 -0.001199527934532985
160.0 0 0 0.00048340741894364203 0.0 -0.001247782417457885
180.0 0 0 0.0004709638553177722 0.0 -0.0012973503305445128
200.0 0 0 0.0004559903722593519 0.0 -0.0013481479519281956
220.0 0 0 0.00043826035786335044 0.0 -0.0014000689245078587
240.0 0 0 0.00041753694093016157 0.0 -0.0014529814451143962
260.0 0 0 0.0003935742111191274 0.0 -0.0015067252992220107
280.0 0 0 0.00036611886881105714 0.0 -0.0015611087747084476
300.0 0 0 0.00033491236973336077 0.0 -0.0016159055016347844
320.0 0 0 0.00029969363120038636 0.0 -0.0016708512808422198
340.0 0 0 0.00026020236626316754 0.0 -0.0017256409823539528
360.0 0 0 0.00021618310832842875 0.0 -0.0017799256149672882
380.0 0 0 0.00016738998097274655 0.0 -0.0018333096906502284
400.0 0 0 0.00011359225474961655 0.0 -0.0018853490307635553
420.0 0 0 5.458071375650335e-05 0.0 -0.0019355491847139643
440.0 0 0 -9.825171339333228e-06 0.0 -0.001983364654002676
460.0 0 0 -7.976930096563357e-05 0.0 -0.0020281991339178808
480.0 0 0 -0.0001553503141737414 0.0 -0.002069406999023002
500.0 0 0 -0.00023661239526865733 0.0 -0.0021062962643930085
520.0 0 0 -0.00032353570601464937 0.0 -0.002138133249212501
540.0 0 0 -0.00041602669249378134 0.0 -0.0021641491497166525
560.0 0 0 -0.0005139085807517209 0.0 -0.0021835486915438417
580.0 0 0 -0.0006169124387556767 0.0 -0.0021955209749536728
600.0 0 0 -0.000724669238607316 0.0 -0.00219925254866302
620.0 0 0 -0.0008367033961003426 0.0 -0.0021939426494512583
640.0 0 0 -0.0009524282877033275 0.0 -0.002178820427449723
660.0 0 0 -0.001071144241054213 0.0 -0.002153163845910273
680.0 0 0 -0.0011920394581599928 0.0 -0.0021163198066633977
700.0 0 0 -0.001314194256716866 0.0 -0.0020677249183647848
720.0 0 0 -0.0014365889032800661 0.0 -0.0020069262058620314
740.0 0 0 -0.0015581151652414888 0.0 -0.0019336009683390042
760.0 0 0 -0.0016775915338972552 0.0 -0.0018475749434520119
780.0 0 0 -0.0017937818797759638 0.0 -0.0017488379342187879
800.0 0 0 -0.0019054171088141076 0.0 -0.0016375561105528708
820.0 0 0 -0.002011219210807139 0.0 -0.0015140803080257001
840.0 0 0 -0.0021099269464862503 0.0 -0.0013789498062787566
860.0 0 0 -0.0022003223204858967 0.0 -0.0012328912659505592
880.0 0 0 -0.0022812569432061314 0.0 -0.0010768127187205452
900.0 0 0 -0.0023516773972171653 0.0 -0.0009117927204531666
920.0 0 0 -0.002410648788199246 0.0 -0.0007390649735359832
940.0 0 0 -0.002457375764839477 0.0 -0.0005599988863083558
960.0 0 0 -0.0024912204207898545 0.0 -0.00037607665631542403
980.0 0 0 -0.0025117166278456867 0.0 -0.0001888675389488628
1000.0 0 0 -0.002518580478415499 0.0 0.0
1020.0 0 0 -0.0025117166278456867 0.0 0.00018886753894886284
1040.0 0 0 -0.0024912204207898545 0.0 0.00037607665631542403
1060.0 0 0 -0.002457375764839477 0.0 0.0005599988863083558
1080.0 0 0 -0.002410648788199246 0.0 0.0007390649735359832
1100.0 0 0 -0.0023516773972171653 0.0 0.0009117927204531666
1120.0 0 0 -0.0022812569432061314 0.0 0.0010768127187205452
1140.0 0 0 -0.0022003223204858967 0.0 0.001232891265950559
1160.0 0 0 -0.00210992694648625 0.0 0.0013789498062787566
1180.0 0 0 -0.002011219210807139 0.0 0.0015140803080257001
1200.0 0 0 -0.0019054171088141076 0.0 0.0016375561105528708
1220.0 0 0 -0.0017937818797759638 0.0 0.0017488379342187879
1240.0 0 0 -0.001677591533897255 0.0 0.0018475749434520119
1260.0 0 0 -0.0015581151652414886 0.0 0.0019336009683390042
1280.0 0 0 -0.0014365889032800661 0.0 0.0020069262058620314
1300.0 0 0 -0.001314194256716866 0.0 0.0020677249183647848
1320.0 0 0 -0.0011920394581599928 0.0 0.002116319806663398
1340.0 0 0 -0.001071144241054213 0.0 0.002153163845910273
1360.0 0 0 -0.0009524282877033275 0.0 0.002178820427449723
1380.0 0 0 -0.0008367033961003427 0.0 0.0021939426494512583
1400.0 0 0 -0.000724669238607316 0.0 0.00219925254866302
1420.0 0 0 -0.0006169124387556766 0.0 0.0021955209749536728
1440.0 0 0 -0.0005139085807517208 0.0 0.0021835486915438417
1460.0 0 0 -0.00041602669249378134 0.0 0.0021641491497166525
1480.0 0 0 -0.00032353570601464937 0.0 0.002138133249212501
1500.0 0 0 -0.0002366123952686573 0.0 0.0021062962643930085
1520.0 0 0 -0.00015535031417374137 0.0 0.0020694069990230017
1540.0 0 0 -7.976930096563356e-05 0.0 0.0020281991339178808
1560.0 0 0 -9.825171339333233e-06 0.0 0.001983364654002676
1580.0 0 0 5.4580713756503346e-05 0.0 0.0019355491847139643
1600.0 0 0 0.00011359225474961655 0.0 0.0018853490307635553
1620.0 0 0 0.00016738998097274655 0.0 0.0018333096906502284
1640.0 0 0 0.00021618310832842875 0.0 0.0017799256149672882
1660.0 0 0 0.00026020236626316754 0.0 0.0017256409823539528
1680.0 0 0 0.00029969363120038636 0.0 0.0016708512808422198
1700.0 0 0 0.00033491236973336077 0.0 0.0016159055016347844
1720.0 0 0 0.00036611886881105714 0.0 0.0015611087747084476
1740.0 0 0 0.0003935742111191274 0.0 0.0015067252992220107
1760.0 0 0 0.00041753694093016157 0.0 0.001452981445114396
1780.0 0 0 0.00043826035786335044 0.0 0.0014000689245078585
1800.0 0 0 0.0004559903722593519 0.0 0.0013481479519281956
1820.0 0 0 0.0004709638553177722 0.0 0.0012973503305445128
1840.0 0 0 0.00048340741894364203 0.0 0.001247782417457885
1860.0 0 0 0.0004935365637073228 0.0 0.001199527934532985
1880.0 0 0 0.000501555137863696 0.0 0.0011526506024810601
1900.0 0 0 0.0005076550555420094 0.0 0.0011071965850482843
1920.0 0 0 0.0005120162276527031 0.0 0.0010631967374608088
1940.0 0 0 0.0005148066644978355 0.0 0.0010206686589625488
1960.0 0 0 0.0005161827143291336 0.0 0.000979618553588712
1980.0 0 0 0.000516289407045316 0.0 0.0009400429064699321
