0 0 0 0.0002857371126876795 0.0 -8.307198247096517e-05
20.0 0 0 0.0002960738263994692 0.0 -8.72403478259362e-05
40.0 0 0 0.000306905056189425 0.0 -9.167156770269045e-05
60.0 0 0 0.0003182600002488041 0.0 -9.638562145852672e-05
80.0 0 0 0.0003301698849737788 0.0 -0.00010140426601446415
100.0 0 0 0.00034266812424177265 0.0 -0.00010675121692357438
120.0 0 0 0.0003557904922493549 0.0 -0.00011245235018598019
140.0 0 0 0.00036957531108948915 0.0 -0.00011853592744456414
160.0 0 0 0.0003840636543363229 0.0 -0.00012503284756099108
180.0 0 0 0.0003992995679983536 0.0 -0.00013197692799193138
200.0 0 0 0.00041533031029406794 0.0 -0.00013940521986908284
220.0 0 0 0.00043220661179572853 0.0 -0.00014735836124388387
240.0 0 0 0.0004499829575736491 0.0 -0.00015588097360052486
260.0 0 0 0.00046871789305074154 0.0 -0.000165022107482827
280.0 0 0 0.0004884743553394284 0.0 -0.00017483574393786913
300.0 0 0 0.0005093200318724401 0.0 -0.00018538135947071787
320.0 0 0 0.0005313277481451664 0.0 -0.00019672456335214847
340.0 0 0 0.000554575886346565 0.0 -0.00020893781745037418
360.0 0 0 0.0005791488365502727 0.0 -0.0002221012502981966
380.0 0 0 0.0006051374819442983 0.0 -0.00023630357889314484
400.0 0 0 0.0006326397192661927 0.0 -0.0002516431538000237
420.0 0 0 0.0006617610151415456 0.0 -0.000268229145528988
440.0 0 0 0.000692614998346076 0.0 -0.0002861828929508898
460.0 0 0 0.000725324087059393 0.0 -0.00030563943774598065
480.0 0 0 0.0007600201488663107 0.0 -0.00032674927263115055
500.0 0 0 0.0007968451894791112 0.0 -0.0003496803354525896
520.0 0 0 0.000835952063758827 0.0 -0.00037462028625164564
540.0 0 0 0.0008775051994217697 0.0 -0.00040177911020656274
560.0 0 0 0.0009216813195921478 0.0 -0.0004313920960230955
580.0 0 0 0.0009686701447973435 0.0 -0.00046372324699744266
600.0 0 0 0.0010186750477061087 0.0 -0.0004990691907079289
620.0 0 0 0.0010719136243756405 0.0 -0.000537763663198004
640.0 0 0 0.00112861813335098 0.0 -0.0005801826546564408
660.0 0 0 0.0011890357378147053 0.0 -0.0006267503159955457
680.0 0 0 0.0012534284650467362 0.0 -0.0006779457393049221
700.0 0 0 0.0013220727703555312 0.0 -0.0007343107397111692
720.0 0 0 0.0013952585576391618 0.0 -0.0007964587812850502
740.0 0 0 0.001473287463613126 0.0 -0.000865085204566291
760.0 0 0 0.0015564701547027835 0.0 -0.0009409789267973989
780.0 0 0 0.0016451223111291647 0.0 -0.0010250357961318914
800.0 0 0 0.0017395588774473869 0.0 -0.001118273784924584
820.0 0 0 0.0018400860373542693 0.0 -0.0012218502002260098
840.0 0 0 0.0019469902164688884 0.0 -0.001337081065126481
860.0 0 0 0.0020605232223301724 0.0 -0.0014654627728848718
880.0 0 0 0.0021808823872844782 0.0 -0.0016086960227555535
900.0 0 0 0.002308184277773679 0.0 -0.001768711891980358
920.0 0 0 0.0024424301634619677 0.0 -0.0019476996541274239
940.0 0 0 0.0025834609942387383 0.0 -0.0021481355801888143
960.0 0 0 0.0027308991100478855 0.0 -0.0023728114010553823
980.0 0 0 0.0028840733158667165 0.0 -0.0026248602944405723
1000.0 0 0 0.003041923319630093 0.0 -0.0029077770885555915
1020.0 0 0 0.0032028789159446384 0.0 -0.0032254277238508693
1040.0 0 0 0.003364708820492181 0.0 -0.0035820407295164636
1060.0 0 0 0.003524333925309994 0.0 -0.003982170377448131
1080.0 0 0 0.00367760029529859 0.0 -0.004430617095467908
1100.0 0 0 0.0038190090005112884 0.0 -0.004932285521578917
1120.0 0 0 0.003941403688707794 0.0 -0.005491954268816543
1140.0 0 0 0.004035623807268863 0.0 -0.006113924360298495
1160.0 0 0 0.0040901431290195755 0.0 -0.00680150628850275
1180.0 0 0 0.004090731587444992 0.0 -0.007556300669568934
1200.0 0 0 0.004020205252380659 0.0 -0.00837722802430749
1220.0 0 0 0.0038583656697927116 0.0 -0.009259275126802014
1240.0 0 0 0.003582274511098357 0.0 -0.010191957218491893
1260.0 0 0 0.003167056337421939 0.0 -0.011157558325774232
1280.0 0 0 0.0025874564221741152 0.0 -0.012129317446252204
1300.0 0 0 0.0018203745009914597 0.0 -0.013069882592619583
1320.0 0 0 0.0008485073514859578 0.0 -0.013930547263197762
1340.0 0 0 -0.00033498642829545835 0.0 -0.014651971744351892
1360.0 0 0 -0.0017212733040245375 0.0 -0.015167182567682493
1380.0 0 0 -0.0032810923711419594 0.0 -0.015407494536712077
1400.0 0 0 -0.004962024147968216 0.0 -0.015311454818787564
1420.0 0 0 -0.006689630414276489 0.0 -0.014835896557027448
1440.0 0 0 -0.00837396516679826 0.0 -0.01396687042101335
1460.0 0 0 -0.009921683491289947 0.0 -0.012727095593854452
1480.0 0 0 -0.011251885623054717 0.0 -0.01117639185850828
1500.0 0 0 -0.012311641305165337 0.0 -0.009402952703782315
1520.0 0 0 -0.013086009787362253 0.0 -0.007506253181825771
1540.0 0 0 -0.013598293616915858 0.0 -0.005575835047112118
1560.0 0 0 -0.01389929674751747 0.0 -0.0036725299160386147
1580.0 0 0 -0.014048362581613568 0.0 -0.0018185364418043266
1600.0 0 0 -0.014092179389256367 0.0 0.0
1620.0 0 0 -0.014048362581613568 0.0 0.0018185364418043266
1640.0 0 0 -0.01389929674751747 0.0 0.0036725299160386147
1660.0 0 0 -0.013598293616915858 0.0 0.005575835047112118
1680.0 0 0 -0.013086009787362253 0.0 0.007506253181825771
1700.0 0 0 -0.012311641305165337 0.0 0.009402952703782315
1720.0 0 0 -0.011251885623054717 0.0 0.01117639185850828
1740.0 0 0 -0.009921683491289947 0.0 0.012727095593854452
1760.0 0 0 -0.00837396516679826 0.0 0.01396687042101335
1780.0 0 0 -0.006689630414276489 0.0 0.014835896557027448
1800.0 0 0 -0.004962024147968216 0.0 0.015311454818787564
1820.0 0 0 -0.0032810923711419594 0.0 0.015407494536712077
1840.0 0 0 -0.0017212733040245375 0.0 0.015167182567682493
1860.0 0 0 -0.00033498642829545835 0.0 0.014651971744351892
1880.0 0 0 0.0008485073514859578 0.0 0.013930547263197762
1900.0 0 0 0.0018203745009914597 0.0 0.013069882592619583
1920.0 0 0 0.0025874564221741152 0.0 0.012129317446252204
1940.0 0 0 0.003167056337421939 0.0 0.011157558325774232
1960.0 0 0 0.003582274511098357 0.0 0.010191957218491893
1980.0 0 0 0.0038583656697927116 0.0 0.009259275126802014
