0.014321917652559933
0.014025337859638966
0.013876835147239036
0.013785464364627843
0.013718742325145285
0.013665363511099713
0.013616242049320135
0.013566210948629304
0.013517453085078159
0.01347258611858706
0.013423180877434788
0.013373561665648594
0.013324312646582258
0.01327422237736755
0.013225597648706754
0.013178201349219307
0.013134282206447096
0.013090557378018276
0.013045280161313712
0.013003029011451872
0.012962768693832914
0.012925175278651295
0.012889235937327612
0.012857076074724319
0.012828445710765664
0.012803467437333894
0.01277954259654507
0.012757778947270709
0.012738796929770615
0.012720974060357548
0.0127047674577625
0.012690268092119367
0.01268006847720244
0.012665796740475344
0.012656513577676378
0.012646793910826092
0.01263809259442496
0.012628815466741798
0.01262366411916446
0.012614373148971935
0.012605658441898412
0.012598383214062779
0.012591906654852209
0.012584313163533806
0.012578009858552832
0.012571262367855525
0.012564243918604915
0.012556498761550756
0.01255086181932711
0.012544821752089774
0.012535880152281607
0.012529694647964789
0.012521739672956755
0.012516232099151238
0.012507942879601615
0.012499079328408698
0.012485642726678634
0.012477781865891302
0.0124680388077104
0.012459779013006482
0.012453580738801975
0.012443778098677284
0.012438176438445225
0.0124301535669656
0.012423158166056965
0.012417159304168307
0.012409579589730128
0.012403984374686842
0.012396622633386868
0.01238876102870563
0.012381044289068086
0.012374009920895332
0.012367855285701808
0.012361428411968517
0.012354242110741325
0.012348906648985575
0.012344608347048052
0.012338488004897953
0.012331750757002737
0.012326513929147041
0.012318036919314181
0.012309233469859465
0.012302859585324767
0.012298067951051053
0.012291011127526872
0.012284908724686829
0.012279952627723105
0.012270076079148566
0.012255231956660282
0.012242919097043342
0.012233112245448865
0.012224332675541518
0.0122175005308236
0.01220835168584017
0.012203155975148547
0.012193549327348592
0.012188709264883073
0.012181505473708967
0.012174710260296706
0.012170233652286698
